10,125
10,11
10,127
10,199
10,161
10,211
10,189
8,17
12,3
12,2
12,1
11,29
11,28
11,26
11,25
11,24
11,23
11,22
11,18
11,17
11,16
11,15
11,14
11,13
11,11
11,10
11,9
11,8
11,7
11,6
11,5
11,4
11,3
11,2
11,1
10,310
10,305
10,302
20,2
20,1
10,300
20,3
10,297
19,2
19,1
19,3
10,296
10,286
10,285
10,281
10,278
10,266
10,260
10,252
10,249
10,236
10,212
10,207
10,206
10,204
10,203
10,188
10,186
10,182
10,179
10,169
10,168
10,140
10,138
10,119
10,111
18,1
18,3
14,1
14,3
13,1
10,95
13,3
10,93
10,89
10,88
10,75
10,35
10,22
10,8
10,6
10,3
10,2
10,1
9,7
9,6
9,5
9,4
9,3
9,2
9,1
8,18
8,16
8,15
8,14
8,13
8,12
8,11
8,10
8,9
8,8
8,7
8,6
8,5
8,4
8,3
8,2
8,1
3,3
